GEE logistic regression (exchangeable)
clusters=4
coef=1.765700
robust_se=0.180271
pooled_rate=0.853922
ci_lo=0.804140
ci_hi=0.892739
p_value=1.18679e-22
working_corr=0.005269
