Hierarchical bootstrap (cell -> card)
n_boot=1000
point=0.854795
ci_lo=0.794980
ci_hi=0.903658
